0.203125
0.200012
0.2
0.2
0.203125
0.200012
0.2
0.2
0.203125
0.200012
0.2
0.2
0.203125
0.200012
0.2
0.2
0.203125
0.200012
0.2
0.2
0.203125
0.200012
0.2
0.2
0.203125
0.200012
0.2
0.2
0.203125
0.200012
0.2
0.2
0.203125
0.200012
0.2
0.2
0.203125
0.200012
0.2
0.2
0.203125
0.200012
0.2
0.2
0.203125
0.200012
0.2
0.2
0.203125
0.200012
0.2
0.2
0.203125
0.200012
0.2
0.2
0.203125
0.200012
0.2
0.2
0.203125
0.200012
0.2
0.2
0.203125
0.200012
0.2
0.2
0.203125
0.200012
0.2
0.2
0.203125
0.200012
0.2
0.2
Using Delta correction
Using theta method
0.203125
0.200012
0.2
0.2

  Braid: Begin simulation, 4096 time steps
  Braid: || r_0 || = 1.955197e+01, conv factor = 1.00e+00, wall time = 2.73e-02
  Braid: || r_1 || = 1.551205e-02, conv factor = 7.93e-04, wall time = 3.37e-02
  Braid: || r_2 || = 8.226917e-08, conv factor = 5.30e-06, wall time = 3.96e-02
  Braid: || r_3 || = 8.109883e-10, conv factor = 9.86e-03, wall time = 4.31e-02

  Braid Solver Stats:
  start time = 0.000000e+00
  stop time  = 2.558428e+00
  time steps = 4096

  use seq soln?         = 0
  storage               = -1

  max iterations        = 25
  iterations            = 4

  residual norm         = 8.109883e-10
  stopping tolerance    = 1.000000e-08
  use relative tol?     = 0
                                          --> 2-norm TemporalNorm 

  use fmg?              = 1
  V-cycles / FMG level  = 1
  number fmg cycles     = 2
  access_level          = 1
  print_level           = 2

  max number of levels  = 5
  min coarse            = 2
  number of levels      = 5
  skip down cycle       = 0
  periodic              = 0
  relax_only_cg         = 0
  finalFCRelax          = 0
  number of refinements = 0

  level   time-pts   cfactor   nrelax   Crelax Wt
      0      4096        4        0        1.00
      1      1024        4        1        1.00
      2       256        4        1        1.00
      3        64        4        1        1.00
      4        16  

  wall time = 0.062909

0.203125
0.200012
0.2
0.2
0.203125
0.200012
0.2
0.2
0.203125
0.200012
0.2
0.2
0.203125
0.200012
0.2
0.2
0.203125
0.200012
0.2
0.2
0.203125
0.200012
0.2
0.2
0.203125
0.200012
0.2
0.2
0.203125
0.200012
0.2
0.2
0.203125
0.200012
0.2
0.2
0.203125
0.200012
0.2
0.2
0.203125
0.200012
0.2
0.2
0.203125
0.200012
0.2
0.2
0.203125
0.200012
0.2
0.2
0.203125
0.200012
0.2
0.2
0.203125
0.200012
0.2
0.2
0.203125
0.200012
0.2
0.2
0.203125
0.200012
0.2
0.2
0.203125
0.200012
0.2
0.2
0.203125
0.200012
0.2
0.2
0.203125
0.200012
0.2
0.2
0.203125
0.200012
0.2
0.2
0.203125
0.200012
0.2
0.2
0.203125
0.200012
0.2
0.2
0.203125
0.200012
0.2
0.2
0.203125
0.200012
0.2
0.2
0.203125
0.200012
0.2
0.2
0.203125
0.200012
0.2
0.2
0.203125
0.200012
0.2
0.2
0.203125
0.200012
0.2
0.2
0.203125
0.200012
0.2
0.2
0.203125
0.200012
0.2
0.2
0.203125
0.200012
0.2
0.2
0.203125
0.200012
0.2
0.2
0.203125
0.200012
0.2
0.2
0.203125
0.200012
0.2
0.2
0.203125
0.200012
0.2
0.2
0.203125
0.200012
0.2
0.2
0.203125
0.200012
0.2
0.2
0.203125
0.200012
0.2
0.2
0.203125
0.200012
0.2
0.2
0.203125
0.200012
0.2
0.2
0.203125
0.200012
0.2
0.2
0.203125
0.200012
0.2
0.2
0.203125
0.200012
0.2
0.2
0.203125
0.200012
0.2
0.2
0.203125
0.200012
0.2
0.2
0.203125
0.200012
0.2
0.2
0.203125
0.200012
0.2
0.2
0.203125
0.200012
0.2
0.2
0.203125
0.200012
0.2
0.2
0.203125
0.200012
0.2
0.2
0.203125
0.200012
0.2
0.2
0.203125
0.200012
0.2
0.2
0.203125
0.200012
0.2
0.2
0.203125
0.200012
0.2
0.2
0.203125
0.200012
0.2
0.2
0.203125
0.200012
0.2
0.2
0.203125
0.200012
0.2
0.2
0.203125
0.200012
0.2
0.2
0.203125
0.200012
0.2
0.2
0.203125
0.200012
0.2
0.2
0.203125
0.200012
0.2
0.2
0.203125
0.200012
0.2
0.2
0.203125
0.200012
0.2
0.2
0.203125
0.200012
0.2
0.2
0.203125
0.200012
0.2
0.2
0.203125
0.200012
0.2
0.2
0.203125
0.200012
0.2
0.2
0.203125
0.200012
0.2
0.2
0.203125
0.200012
0.2
0.2
0.203125
0.200012
0.2
0.2
0.203125
0.200012
0.2
0.2
0.203125
0.200012
0.2
0.2
0.203125
0.200012
0.2
0.2
0.203125
0.200012
0.2
0.2
0.203125
0.200012
0.2
0.2
0.203125
0.200012
0.2
0.2
0.203125
0.200012
0.2
0.2
0.203125
0.200012
0.2
0.2
0.203125
0.200012
0.2
0.2
0.203125
0.200012
0.2
0.2
0.203125
0.200012
0.2
0.2
0.203125
0.200012
0.2
0.2
0.203125
0.200012
0.2
0.2
0.203125
0.200012
0.2
0.2
0.203125
0.200012
0.2
0.2
0.203125
0.200012
0.2
0.2
0.203125
0.200012
0.2
0.2
0.203125
0.200012
0.2
0.2
0.203125
0.200012
0.2
0.2
0.203125
0.200012
0.2
0.2
0.203125
0.200012
0.2
0.2
0.203125
0.200012
0.2
0.2
0.203125
0.200012
0.2
0.2
0.203125
0.200012
0.2
0.2
0.203125
0.200012
0.2
0.2
0.203125
0.200012
0.2
0.2
0.203125
0.200012
0.2
0.2
0.203125
0.200012
0.2
0.2
0.203125
0.200012
0.2
0.2
0.203125
0.200012
0.2
0.2
0.203125
0.200012
0.2
0.2
0.203125
0.200012
0.2
0.2
0.203125
0.200012
0.2
0.2
0.203125
0.200012
0.2
0.2
0.203125
0.200012
0.2
0.2
0.203125
0.200012
0.2
0.2
0.203125
0.200012
0.2
0.2
0.203125
0.200012
0.2
0.2
0.203125
0.200012
0.2
0.2
0.203125
0.200012
0.2
0.2
0.203125
0.200012
0.2
0.2
0.203125
0.200012
0.2
0.2
0.203125
0.200012
0.2
0.2
0.203125
0.200012
0.2
0.2
0.203125
0.200012
0.2
0.2
0.203125
0.200012
0.2
0.2
0.203125
0.200012
0.2
0.2
0.203125
0.200012
0.2
0.2
0.203125
0.200012
0.2
0.2
0.203125
0.200012
0.2
0.2
0.203125
0.200012
0.2
0.2
0.203125
0.200012
0.2
0.2
0.203125
0.200012
0.2
0.2
0.203125
0.200012
0.2
0.2
0.203125
0.200012
0.2
0.2
0.203125
0.200012
0.2
0.2
0.203125
0.200012
0.2
0.2
0.203125
0.200012
0.2
0.2
0.203125
0.200012
0.2
0.2
0.203125
0.200012
0.2
0.2
0.203125
0.200012
0.2
0.2
0.203125
0.200012
0.2
0.2
0.203125
0.200012
0.2
0.2
0.203125
0.200012
0.2
0.2
0.203125
0.200012
0.2
0.2
0.203125
0.200012
0.2
0.2
0.203125
0.200012
0.2
0.2
0.203125
0.200012
0.2
0.2
0.203125
0.200012
0.2
0.2
0.203125
0.200012
0.2
0.2
0.203125
0.200012
0.2
0.2
0.203125
0.200012
0.2
0.2
0.203125
0.200012
0.2
0.2
0.203125
0.200012
0.2
0.2
0.203125
0.200012
0.2
0.2
0.203125
0.200012
0.2
0.2
0.203125
0.200012
0.2
0.2
0.203125
0.200012
0.2
0.2
0.203125
0.200012
0.2
0.2
0.203125
0.200012
0.2
0.2
0.203125
0.200012
0.2
0.2
0.203125
0.200012
0.2
0.2
0.203125
0.200012
0.2
0.2
0.203125
0.200012
0.2
0.2
0.203125
0.200012
0.2
0.2
0.203125
0.200012
0.2
0.2
0.203125
0.200012
0.2
0.2
0.203125
0.200012
0.2
0.2
0.203125
0.200012
0.2
0.2
0.203125
0.200012
0.2
0.2
0.203125
0.200012
0.2
0.2
0.203125
0.200012
0.2
0.2
0.203125
0.200012
0.2
0.2
0.203125
0.200012
0.2
0.2
0.203125
0.200012
0.2
0.2
0.203125
0.200012
0.2
0.2
0.203125
0.200012
0.2
0.2
0.203125
0.200012
0.2
0.2
0.203125
0.200012
0.2
0.2
0.203125
0.200012
0.2
0.2
0.203125
0.200012
0.2
0.2
0.203125
0.200012
0.2
0.2
0.203125
0.200012
0.2
0.2
0.203125
0.200012
0.2
0.2
0.203125
0.200012
0.2
0.2
0.203125
0.200012
0.2
0.2
0.203125
0.200012
0.2
0.2
0.203125
0.200012
0.2
0.2
0.203125
0.200012
0.2
0.2
0.203125
0.200012
0.2
0.2
0.203125
0.200012
0.2
0.2
0.203125
0.200012
0.2
0.2
0.203125
0.200012
0.2
0.2
0.203125
0.200012
0.2
0.2
0.203125
0.200012
0.2
0.2
0.203125
0.200012
0.2
0.2
0.203125
0.200012
0.2
0.2
0.203125
0.200012
0.2
0.2
0.203125
0.200012
0.2
0.2
0.203125
0.200012
0.2
0.2
0.203125
0.200012
0.2
0.2
0.203125
0.200012
0.2
0.2
0.203125
0.200012
0.2
0.2
0.203125
0.200012
0.2
0.2
0.203125
0.200012
0.2
0.2
0.203125
0.200012
0.2
0.2
0.203125
0.200012
0.2
0.2
0.203125
0.200012
0.2
0.2
0.203125
0.200012
0.2
0.2
0.203125
0.200012
0.2
0.2
0.203125
0.200012
0.2
0.2
0.203125
0.200012
0.2
0.2
0.203125
0.200012
0.2
0.2
0.203125
0.200012
0.2
0.2
0.203125
0.200012
0.2
0.2
0.203125
0.200012
0.2
0.2
0.203125
0.200012
0.2
0.2
0.203125
0.200012
0.2
0.2
0.203125
0.200012
0.2
0.2
0.203125
0.200012
0.2
0.2
0.203125
0.200012
0.2
0.2
0.203125
0.200012
0.2
0.2
0.203125
0.200012
0.2
0.2
0.203125
0.200012
0.2
0.2
0.203125
0.200012
0.2
0.2
0.203125
0.200012
0.2
0.2
0.203125
0.200012
0.2
0.2
0.203125
0.200012
0.2
0.2
0.203125
0.200012
0.2
0.2
0.203125
0.200012
0.2
0.2
0.203125
0.200012
0.2
0.2
0.203125
0.200012
0.2
0.2
0.203125
0.200012
0.2
0.2
0.203125
0.200012
0.2
0.2
0.203125
0.200012
0.2
0.2
0.203125
0.200012
0.2
0.2
0.203125
0.200012
0.2
0.2
0.203125
0.200012
0.2
0.2
0.203125
0.200012
0.2
0.2
0.203125
0.200012
0.2
0.2
0.203125
0.200012
0.2
0.2
0.203125
0.200012
0.2
0.2
0.203125
0.200012
0.2
0.2
0.203125
0.200012
0.2
0.2
0.203125
0.200012
0.2
0.2
0.203125
0.200012
0.2
0.2
0.203125
0.200012
0.2
0.2
0.203125
0.200012
0.2
0.2
0.203125
0.200012
0.2
0.2
0.203125
0.200012
0.2
0.2
0.203125
0.200012
0.2
0.2
0.203125
0.200012
0.2
0.2
0.203125
0.200012
0.2
0.2
0.203125
0.200012
0.2
0.2
0.203125
0.200012
0.2
0.2
0.203125
0.200012
0.2
0.2
0.203125
0.200012
0.2
0.2
0.203125
0.200012
0.2
0.2
0.203125
0.200012
0.2
0.2
0.203125
0.200012
0.2
0.2
0.203125
0.200012
0.2
0.2
0.203125
0.200012
0.2
0.2
0.203125
0.200012
0.2
0.2
0.203125
0.200012
0.2
0.2
0.203125
0.200012
0.2
0.2
0.203125
0.200012
0.2
0.2
0.203125
0.200012
0.2
0.2
0.203125
0.200012
0.2
0.2
0.203125
0.200012
0.2
0.2
0.203125
0.200012
0.2
0.2
0.203125
0.200012
0.2
0.2
0.203125
0.200012
0.2
0.2
0.203125
0.200012
0.2
0.2
0.203125
0.200012
0.2
0.2
0.203125
0.200012
0.2
0.2
0.203125
0.200012
0.2
0.2
0.203125
0.200012
0.2
0.2
0.203125
0.200012
0.2
0.2
0.203125
0.200012
0.2
0.2
0.203125
0.200012
0.2
0.2
0.203125
0.200012
0.2
0.2
0.203125
0.200012
0.2
0.2
0.203125
0.200012
0.2
0.2
0.203125
0.200012
0.2
0.2
0.203125
0.200012
0.2
0.2
0.203125
0.200012
0.2
0.2
0.203125
0.200012
0.2
0.2
0.203125
0.200012
0.2
0.2
0.203125
0.200012
0.2
0.2
0.203125
0.200012
0.2
0.2
0.203125
0.200012
0.2
0.2
0.203125
0.200012
0.2
0.2
0.203125
0.200012
0.2
0.2
0.203125
0.200012
0.2
0.2
0.203125
0.200012
0.2
0.2
0.203125
0.200012
0.2
0.2
0.203125
0.200012
0.2
0.2
0.203125
0.200012
0.2
0.2
0.203125
0.200012
0.2
0.2
0.203125
0.200012
0.2
0.2
0.203125
0.200012
0.2
0.2
0.203125
0.200012
0.2
0.2
0.203125
0.200012
0.2
0.2
0.203125
0.200012
0.2
0.2
0.203125
0.200012
0.2
0.2
0.203125
0.200012
0.2
0.2
0.203125
0.200012
0.2
0.2
0.203125
0.200012
0.2
0.2
0.203125
0.200012
0.2
0.2
0.203125
0.200012
0.2
0.2
0.203125
0.200012
0.2
0.2
0.203125
0.200012
0.2
0.2
0.203125
0.200012
0.2
0.2
0.203125
0.200012
0.2
0.2
0.203125
0.200012
0.2
0.2
0.203125
0.200012
0.2
0.2
0.203125
0.200012
0.2
0.2
0.203125
0.200012
0.2
0.2
0.203125
0.200012
0.2
0.2
0.203125
0.200012
0.2
0.2
0.203125
0.200012
0.2
0.2
0.203125
0.200012
0.2
0.2
0.203125
0.200012
0.2
0.2
0.203125
0.200012
0.2
0.2
0.203125
0.200012
0.2
0.2
0.203125
0.200012
0.2
0.2
0.203125
0.200012
0.2
0.2
0.203125
0.200012
0.2
0.2
0.203125
0.200012
0.2
0.2
0.203125
0.200012
0.2
0.2
0.203125
0.200012
0.2
0.2
0.203125
0.200012
0.2
0.2
0.203125
0.200012
0.2
0.2
0.203125
0.200012
0.2
0.2
0.203125
0.200012
0.2
0.2
0.203125
0.200012
0.2
0.2
0.203125
0.200012
0.2
0.2
0.203125
0.200012
0.2
0.2
0.203125
0.200012
0.2
0.2
0.203125
0.200012
0.2
0.2
0.203125
0.200012
0.2
0.2
0.203125
0.200012
0.2
0.2
0.203125
0.200012
0.2
0.2
0.203125
0.200012
0.2
0.2
0.203125
0.200012
0.2
0.2
0.203125
0.200012
0.2
0.2
0.203125
0.200012
0.2
0.2
0.203125
0.200012
0.2
0.2
0.203125
0.200012
0.2
0.2
0.203125
0.200012
0.2
0.2
0.203125
0.200012
0.2
0.2
0.203125
0.200012
0.2
0.2
0.203125
0.200012
0.2
0.2
0.203125
0.200012
0.2
0.2
0.203125
0.200012
0.2
0.2
0.203125
0.200012
0.2
0.2
0.203125
0.200012
0.2
0.2
0.203125
0.200012
0.2
0.2
0.203125
0.200012
0.2
0.2
0.203125
0.200012
0.2
0.2
0.203125
0.200012
0.2
0.2
0.203125
0.200012
0.2
0.2
0.203125
0.200012
0.2
0.2
0.203125
0.200012
0.2
0.2
0.203125
0.200012
0.2
0.2
0.203125
0.200012
0.2
0.2
0.203125
0.200012
0.2
0.2
0.203125
0.200012
0.2
0.2
0.203125
0.200012
0.2
0.2
0.203125
0.200012
0.2
0.2
0.203125
0.200012
0.2
0.2
0.203125
0.200012
0.2
0.2
0.203125
0.200012
0.2
0.2
0.203125
0.200012
0.2
0.2
0.203125
0.200012
0.2
0.2
0.203125
0.200012
0.2
0.2
0.203125
0.200012
0.2
0.2
0.203125
0.200012
0.2
0.2
0.203125
0.200012
0.2
0.2
0.203125
0.200012
0.2
0.2
0.203125
0.200012
0.2
0.2
0.203125
0.200012
0.2
0.2
0.203125
0.200012
0.2
0.2
0.203125
0.200012
0.2
0.2
0.203125
0.200012
0.2
0.2
0.203125
0.200012
0.2
0.2
0.203125
0.200012
0.2
0.2
0.203125
0.200012
0.2
0.2
0.203125
0.200012
0.2
0.2
0.203125
0.200012
0.2
0.2
0.203125
0.200012
0.2
0.2
0.203125
0.200012
0.2
0.2
0.203125
0.200012
0.2
0.2
0.203125
0.200012
0.2
0.2
0.203125
0.200012
0.2
0.2
0.203125
0.200012
0.2
0.2
0.203125
0.200012
0.2
0.2
0.203125
0.200012
0.2
0.2
0.203125
0.200012
0.2
0.2
0.203125
0.200012
0.2
0.2
0.203125
0.200012
0.2
0.2
0.203125
0.200012
0.2
0.2
0.203125
0.200012
0.2
0.2
0.203125
0.200012
0.2
0.2
0.203125
0.200012
0.2
0.2
0.203125
0.200012
0.2
0.2
0.203125
0.200012
0.2
0.2
0.203125
0.200012
0.2
0.2
0.203125
0.200012
0.2
0.2
0.203125
0.200012
0.2
0.2
0.203125
0.200012
0.2
0.2
0.203125
0.200012
0.2
0.2
0.203125
0.200012
0.2
0.2
0.203125
0.200012
0.2
0.2
0.203125
0.200012
0.2
0.2
0.203125
0.200012
0.2
0.2
0.203125
0.200012
0.2
0.2
0.203125
0.200012
0.2
0.2
0.203125
0.200012
0.2
0.2
0.203125
0.200012
0.2
0.2
0.203125
0.200012
0.2
0.2
0.203125
0.200012
0.2
0.2
0.203125
0.200012
0.2
0.2
0.203125
0.200012
0.2
0.2
0.203125
0.200012
0.2
0.2
0.203125
0.200012
0.2
0.2
0.203125
0.200012
0.2
0.2
0.203125
0.200012
0.2
0.2
0.203125
0.200012
0.2
0.2
0.203125
0.200012
0.2
0.2
0.203125
0.200012
0.2
0.2
0.203125
0.200012
0.2
0.2
0.203125
0.200012
0.2
0.2
0.203125
0.200012
0.2
0.2
0.203125
0.200012
0.2
0.2
0.203125
0.200012
0.2
0.2
0.203125
0.200012
0.2
0.2
0.203125
0.200012
0.2
0.2
0.203125
0.200012
0.2
0.2
0.203125
0.200012
0.2
0.2
0.203125
0.200012
0.2
0.2
0.203125
0.200012
0.2
0.2
0.203125
0.200012
0.2
0.2
0.203125
0.200012
0.2
0.2
0.203125
0.200012
0.2
0.2
0.203125
0.200012
0.2
0.2
0.203125
0.200012
0.2
0.2
0.203125
0.200012
0.2
0.2
0.203125
0.200012
0.2
0.2
0.203125
0.200012
0.2
0.2
0.203125
0.200012
0.2
0.2
0.203125
0.200012
0.2
0.2
0.203125
0.200012
0.2
0.2
0.203125
0.200012
0.2
0.2
0.203125
0.200012
0.2
0.2
0.203125
0.200012
0.2
0.2
0.203125
0.200012
0.2
0.2
0.203125
0.200012
0.2
0.2
0.203125
0.200012
0.2
0.2
0.203125
0.200012
0.2
0.2
0.203125
0.200012
0.2
0.2
0.203125
0.200012
0.2
0.2
0.203125
0.200012
0.2
0.2
0.203125
0.200012
0.2
0.2
0.203125
0.200012
0.2
0.2
0.203125
0.200012
0.2
0.2
0.203125
0.200012
0.2
0.2
0.203125
0.200012
0.2
0.2
0.203125
0.200012
0.2
0.2
0.203125
0.200012
0.2
0.2
0.203125
0.200012
0.2
0.2
0.203125
0.200012
0.2
0.2
0.203125
0.200012
0.2
0.2
0.203125
0.200012
0.2
0.2
0.203125
0.200012
0.2
0.2
0.203125
0.200012
0.2
0.2
0.203125
0.200012
0.2
0.2
0.203125
0.200012
0.2
0.2
0.203125
0.200012
0.2
0.2
0.203125
0.200012
0.2
0.2
0.203125
0.200012
0.2
0.2
0.203125
0.200012
0.2
0.2
0.203125
0.200012
0.2
0.2
0.203125
0.200012
0.2
0.2
0.203125
0.200012
0.2
0.2
0.203125
0.200012
0.2
0.2
0.203125
0.200012
0.2
0.2
0.203125
0.200012
0.2
0.2
0.203125
0.200012
0.2
0.2
0.203125
0.200012
0.2
0.2
0.203125
0.200012
0.2
0.2
0.203125
0.200012
0.2
0.2
0.203125
0.200012
0.2
0.2
0.203125
0.200012
0.2
0.2
0.203125
0.200012
0.2
0.2
0.203125
0.200012
0.2
0.2
0.203125
0.200012
0.2
0.2
0.203125
0.200012
0.2
0.2
0.203125
0.200012
0.2
0.2
0.203125
0.200012
0.2
0.2
0.203125
0.200012
0.2
0.2
